mean: 48.87267
stdev: 29.07666
