mean: 48.26720
stdev: 29.23172
