mean: 3.65022
stdev: 1.87642
