mean: 2.93187
stdev: 2.35926
