mean: 99.94235
stdev: 20.11177
