mean: 49.01093
stdev: 29.23106
