mean: 1.64790
stdev: 2.03487
