mean: 49.99875
stdev: 28.84313
