mean: 50.09043
stdev: 28.86488
