mean: 0.50015
stdev: 0.28861
