mean: 49.29835
stdev: 29.02319
